LR: 0.658002 (0.134717)
LDA: 0.657133 (0.130894)
SGD: 0.665123 (0.130514)
MNB: 0.629495 (0.154968)
CART: 0.611633 (0.095488)
GNB: 0.642938 (0.085070)
BNB: 0.648766 (0.136947)
ADA: 0.595488 (0.132951)
RFC: 0.642726 (0.137229)